102,152
103,153
104,154
105,155
106,156
107,157
108,158
109,159
110,160
111,161
112,162
113,163
114,164
115,165
117,167
118,168
119,169
120,170
121,171
122,172
123,173
124,174
125,175
126,176
127,177
128,178
129,179
130,180
131,181
132,182
133,183
134,184
135,185
136,186
137,187
138,188
139,189
140,190
141,191
142,192
143,193
144,194
145,195
146,196
147,197
148,198
149,199
150,200
151,201
152,202
153,203
154,204
155,205
156,206
157,207
158,208
159,209
160,210
161,211
162,212
163,213
164,214
165,215
166,216
167,217
168,218
169,219
170,220
171,221
172,222
173,223
174,224
175,225
176,226
177,227
178,228